42409
41039
59663
65323
55589
58369
58099
41543
54517
42193
53819
33529
45893
42923
45121
59981
48533
49391
52901
40471
52709
60509
35437
44617
40237
34939
51419
43889
45013
58237
57203
50231
33923
55681
39409
50867
37589
60953
65479
36191
42043
65497
64679
58073
53881
40883
35111
47419
62701
36583
52081
60727
47317
58481
52433
48539
48487
37313
61519
45691
38861
38783
47543
62591
52153
41189
56827
65173
48479
53831
61819
43591
63277
64301
65287
39313
64013
61409
54673
60257
63113
63311
35803
52543
63317
50221
58921
56207
53161
40087
55967
38047
34259
61637
51193
59557
42451
53149
63761
61909
36809
43793
33073
64891
55837
49627
61583
41051
49297
61627
58889
39439
43973
58943
61559
62549
46751
44617
37409
45139
62459
35521
63353
53653
64123
65203
38903
52103
62171
42709
56149
59069
54583
44851
53411
43541
51647
65011
39301
47431
62039
48221
45823
34631
60923
35401
38177
58613
42751
42299
54499
44269
37087
39541
60527
38501
46351
52807
33107
38729
38459
48761
50077
36067
37783
44267
49369
62171
52769
37003
63823
60209
57593
55487
57727
56681
49877
33923
38603
46639
44887
44531
58237
56911
45631
65353
59981
33359
43049
51343
50231
54101
33503
56489
36629
55793
47407
33223
47279
40507
47207
47431
39877
39397
44819
39233
62927
59233
38329
62603
43591
40087
56149
53633
47057
63743
63131
38677
48859
47543
55721
49939
46349
37447
51839
35831
46171
42649
37493
51197
43427
47797
55511
40879
42101
47353
63611
55871
44501
58043
45307
33533
40169
49727
47087
49043
34693
47911
52967
37483
43973
37501
45943
43717
59471
33961
54083
52511
46639
43591
51767
55249
45707
40283
41341
39901
59669
51631
35437
50723
45953
34351
57649
53849
38459
53657
56431
34039
62459
36307
45553
46507
35117
47431
52177
43781
61559
39679
50053
39901
54493
59663
60169
49333
44131
37337
58321
40423
45181
56701
40289
65357
42043
61153
38273
63131
34883
54163
62501
43889
46399
56179
40193
63311
41893
56747
47119
49697
48809
63839
63697
39317
37643
59671
54193
59221
51829
55061
45667
40739
38917
38923
51343
40093
64333
57727
58913
62969
50021
40433
38653
47251
40531
55787
38197
61751
56999
49169
50461
57347
63337
46349
37057
34039
36713
55547
35809
59441
56093
62659
49747
63737
55219
62099
40031
33349
58579
34471
64171
36007
35281
43541
48973
45589
35327
52289
40037
46829
34351
56591
63439
44983
36973
50221
60509
33391
54311
58417
33911
62207
36761
40459
48497
60623
39901
40487
59209
34843
45503
65407
62773
56039
48109
39451
33713
47419
37313
54751
54517
45181
49177
42773
58913
52627
48131
57557
58831
57283
59441
39313
45893
44623
38891
32969
44843
46439
56179
39373
38593
33889
47969
39409
47791
43517
38891
53113
59729
57163
61729
45557
45953
56467
63059
43867
36653
63443
54877
59333
36671
35221
61379
34273
51413
49919
41737
65089
56807
58963
40351
43777
55763
48197
56663
33359
56909
60091
47837
49331
54869
62219
44491
61027
52127
38891
50459
51437
42689
51679
41729
51341
58943
50767
52057
64399
44587
41183
51683
49069
58937
42737
43789
50461
32911
57727
40493
55987
39667
38737
38611
37963
64613
41617
38653
42689
34301
65357
56843
64283
65293
39847
63073
60811
61291
62459
42859
40507
33581
39509
39041
52237
41047
36929
60539
38447
54449
47527
56237
34519
35117
51199
62191
42727
33703
52183
41761
55721
56957
56249
45337
56171
64877
62989
51539
55109
47129
34963
34267
50159
63589
41903
62617
63029
37861
55127
46327
37253
37991
54667
33487
49811
46663
38201
48539
47797
42967
43951
39191
51307
59369
40277
40093
33457
35099
34631
54449
46229
47309
57679
62753
34381
45139
34213
34429
35969
38569
43049
47657
42157
58601
56713
49139
59879
38803
33629
33413
38971
42569
63689
54601
65323
44383
49031
60727
49043
59663
57829
63103
41809
60383
38453
57457
33857
64439
38669
46171
38303
41047
33871
59929
65011
60521
51257
38333
55373
33347
41771
62323
33601
38959
53681
59053
65027
33773
56911
33791
36721
56401
39323
45317
41399
46831
61909
40637
64301
55931
55927
61417
44279
61561
63577
56003
44531
34501
59273
47609
50647
48073
55249
59123
61703
48751
37507
48413
47737
39799
37441
35521
54767
40277
35059
41521
40277
33331
63611
60521
35311
35423
44053
50119
46633
61949
48163
44123
42407
61211
61031
54083
64063
47741
54881
45337
63197
51769
56453
42589
34687
43063
48611
48029
44531
54577
39541
57301
45949
35311
58441
54409
57793
60317
54013
46591
55843
57853
32887
39671
39667
48079
36779
50111
53233
53323
61471
43159
64921
52709
36809
35747
38833
57179
50951
58901
59513
58337
45589
50969
63097
43573
60509
64951
58943
48341
35311
36151
56501
39371
62347
39439
53377
32779
59281
39827
44201
60077
63863
52937
56207
43403
38783
64969
33461
34283
36671
43063
49417
33191
58907
45553
44633
63907
52259
53897
53791
43541
58427
64013
39157
40739
37003
49597
49613
61151
62659
36493
37511
49823
33461
44501
35617
47441
42179
53731
35759
54347
38239
58031
33961
48383
63419
53323
56813
60631
35879
50101
57203
53569
43397
38711
45827
50867
64319
38501
40883
54167
45131
34589
65011
40351
44021
57367
62011
35317
33049
54563
56687
55079
41479
61441
51199
35837
61333
44293
53279
55579
62311
54059
62039
34757
37529
36383
51893
35027
54403
46993
39227
60139
65111
34039
53117
34913
65257
45329
62047
55807
60899
51407
63409
48823
51487
57503
47713
63487
49547
49363
54449
52189
42283
38149
47623
40739
44893
52153
47917
34031
34819
43961
46441
45659
37633
63241
36787
42727
63409
54973
33179
54013
62003
34403
52919
57179
55849
32987
51169
54011
52727
50093
50221
43457
38273
43103
61493
38821
55249
47431
56369
38959
49477
34499
41231
51197
41149
56999
56663
33769
34549
48907
57149
45827
56437
48119
62143
47911
55001
42403
55931
62497
46723
60017
63907
60943
56269
47309
35677
64879
56003
63353
43013
40787
56611
47701
51631
38603
58921
54851
53381
42743
65437
46901
60869
36691
34877
57737
52147
39439
48313
38261
39619
61493
35569
61637
64483
51859
48541
54721
59753
47903
39323
57163
41507
52291
44959
56113
38567
38219
43991
63247
61403
53017
42841
45763
40151
49669
40763
56597
46633
63799
58193
47737
59743
43067
63367
34871
63029
42491
34369
57059
36587
32917
59779
44293
47777
35023
34211
37483
35201
34963
53309
44483
35327
38317
54167
61043
40031
57917
56591
62801
48271
41879
60427
54583
55541
62311
36011
64613
64709
37657
37277
33391
55201
47969
44651
48593
60337
41513
57487
48781
46307
47599
51719
36319
34763
62851
62191
51599
54973
59671
40583
62633
57301
54563
35803
57737
45439
61141
33287
52859
54787
58991
32831
50599
53899
51929
56923
53407
60899
56701
36793
46219
33629
64301
39359
39631
57143
49843
46471
34261
64153
44293
54083
53129
57131
44887
64223
62987
41299
48221
50423
42709
65033
37783
57787
65011
60251
44059
55439
41849
48413
45677
63079
54151
41243
63113
62129
50543
47129
56503
44953
57331
40483
40897
57367
48337
51827
39461
52391
61333
44623
59341
32783
39419
39383
34673
38299
54419
47363
63773
62591
37811
46933
47207
53609
64373
51479
62053
46633
53927
48371
35771
53239
49801
64271
63031
50159
47533
38149
46327
34589
39301
36293
60757
46663
44887
51449
49627
42709
40801
59407
62129
40357
60689
45491
56209
33601
62903
36073
49669
39791
51047
42023
65101
62633
61409
50683
44927
64627
61909
39749
65033
57179
55339
38281
52289
43609
58657
55949
35449
44059
62791
35747
50551
42797
36931
54959
33391
43609
52553
48907
63499
38977
62603
58411
34583
61099
49261
53927
33359
36739
57173
64879
56249
50549
55579
50147
32987
62597
47407
40507
61667
54361
60761
41647
51899
42463
62003
36709
60139
60757
46649
64007
34871
49297
58321
55903
34679
57923
39563
45481
62347
33889
54919
39659
42901
41479
46867
33071
52561
57373
56123
49121
58789
53171
44699
65239
37987
49199
61129
62939
34961
59981
46451
44657
56359
47497
64439
65179
52691
56431
34649
35393
50581
61099
35533
41161
59561
42187
56543
64627
43613
39667
50723
55717
35059
33889
62171
35677
57697
36497
33287
49823
48313
59671
35129
46447
63629
49057
44549
43321
57073
51197
43777
45403
35419
47933
38569
52973
53239
61493
37517
35531
46349
51599
51941
65269
41143
40193
55061
43717
62501
37181
33587
60901
46141
56737
39521
41131
46997
38953
51421
40499
51133
61441
61961
34877
47149
50723
35797
53813
55837
38873
43517
54311
59069
41851
37061
46573
60589
39779
52391
33223
34603
35993
57737
52697
42023
42677
45893
49109
40127
33149
56359
34913
37699
33347
59671
45341
57697
36383
41957
59281
47161
53897
37217
56873
37361
42013
41011
40993
64693
64679
44041
60637
44647
47777
49727
60493
55343
32789
56453
33211
55001
39887
56081
63241
38891
45949
38677
55787
44491
38611
46723
44207
54673
39901
55147
51431
38303
42649
45139
51193
35027
60611
38447
39191
41201
43237
38201
64609
34183
41513
63773
50417
46591
45233
45853
37501
60443
60689
56453
51229
55903
44129
33589
55351
59023
37717
52543
45949
35317
55667
47441
54437
49433
43319
40361
46511
59467
59011
34807
49477
56333
60869
48731
40849
32801
58147
49871
35573
40739
38237
49741
38149
50273
47819
47119
38321
37699
33149
34327
35593
39097
64817
35201
54367
60689
41149
53281
33589
40111
45259
38867
46771
62233
60887
47951
45569
59467
32839
41597
60167
61543
47819
49369
37783
44497
43481
65393
59357
61297
65213
59273
55933
44497
63689
51637
48623
48989
39229
38693
41399
51683
35617
61981
41023
60289
53623
57089
47387
42667
58657
48527
58937
44017
39107
55733
37273
45179
57397
44189
49853
63949
32933
53419
55399
61469
56857
65141
37357
62119
40163
40241
41597
46507
46273
48341
57571
33827
60397
33083
40177
58031
47527
58763
40841
41389
55061
63617
57653
63443
48179
54727
51817
61687
60101
35081
40583
49537
39107
39313
55291
59399
51973
64237
62929
40639
60887
50549
54581
63667
42677
43037
65257
37517
62761
34253
57649
59621
45503
58679
58171
62467
63949
63587
45959
52957
39139
55763
39041
60251
54631
49919
40697
56519
44777
64763
34693
38671
55079
34171
42403
34439
64271
50971
39499
42193
64921
57427
37139
64849
41233
41281
51341
34703
43003
42589
41611
62417
46523
43933
36643
59051
34157
65269
33589
36919
57383
34883
48079
48479
33637
57853
41543
39317
42397
49807
49627
64717
61519
33071
61043
54799
43973
60041
35251
62981
62627
63743
53231
34439
52103
48397
56443
54833
49957
59879
56519
58477
41617
33409
33311
56809
34687
33149
38861
62903
35353
35573
65407
53657
38201
60149
63793
44683
42043
34231
51613
37139
43261
63697
51607
47303
53681
38933
56123
65183
44887
41903
53719
55021
32887
60443
45533
34949
41051
33469
48781
56591
49199
43963
61343
52579
49853
60811
36997
48571
51263
61681
57203
38183
49339
39079
34141
57221
40037
46811
56533
54941
62971
41233
55219
43853
47599
40637
59063
36809
59419
51517
49853
47387
42359
40127
60719
35801
63493
38561
56477
34841
48193
48973
33353
55837
47947
56519
61909
40277
55291
61667
44497
47837
40507
48649
37139
44819
42101
56383
57593
57467
64489
50363
48179
46747
46877
57179
33713
44417
64877
37967
40093
49031
32839
33107
54767
60449
48281
43457
62969
56113
51977
40519
64067
64781
44927
52069
44809
43397
59093
49261
50627
49523
33119
44579
48409
50119
42397
48131
37357
34841
34549
62653
48677
64081
42071
37951
35279
54499
49429
40973
42131
50969
60601
41479
56087
46399
58057
57847
42577
51721
51719
50753
34679
33181
65173
48883
45659
65119
61129
39439
47441
37507
32839
51769
37339
65213
64081
48533
48823
49921
59281
52267
65183
56263
51061
34759
50333
63823
40693
36749
34381
37357
36457
36457
64151
47599
56993
34231
59561
55343
44879
40709
45817
59113
38803
59863
64877
34591
49193
49499
59611
55787
43891
45587
49639
51407
58363
51517
55061
46567
47819
40879
65203
43649
50587
38737
35863
62141
47111
59441
57667
64499
57829
47459
62017
38851
58057
47701
39503
41983
53791
45751
54409
44531
33073
55213
54979
37781
51197
62473
40063
42821
47161
60077
48799
32987
39821
34487
58111
49171
32983
57493
36857
41843
52387
37649
40009
49789
55663
61001
61333
64877
47639
40063
38677
45751
60679
48497
33181
54493
51517
39251
42019
63809
60139
33461
34843
38861
40289
55897
51907
48109
38039
38707
41647
59809
61283
58441
47339
35339
40693
54277
49943
51419
65381
57223
51853
39341
38069
45677
52301
45121
59029
41491
57329
50263
51137
41737
44657
49499
59999
52453
49747
39313
62323
58897
50261
45599
47087
60919
40277
40609
62723
56431
39847
60601
53093
56263
55697
62303
58913
60773
64373
51473
49481
62299
50923
56923
36931
53267
63439
61291
46877
42409
34421
49481
35141
62989
47629
63337
63659
51199
37489
53897
56779
46523
61463
37409
50857
41399
53441
44383
56783
42433
49937
54443
64709
53323
58379
47737
41539
50129
57787
46829
46489
46351
34301
58831
44953
57397
39877
46867
62131
45289
38237
34667
42641
52709
38287
49937
61657
32933
52631
53813
35381
64667
38321
42437
62233
55163
40153
57793
53267
44351
49211
64937
43019
39227
34061
38953
34367
46769
34211
56951
59351
46573
41957
37189
64577
34483
58061
63421
43853
59771
36343
62417
63589
46061
35527
34283
58073
59779
64223
45233
41039
44497
43207
61091
51481
47431
57803
56369
61483
64123
50923
39983
54869
61927
34337
49193
54521
58229
34157
47809
41161
55163
54331
43457
40127
51157
60083
40529
35809
45971
51803
49789
36607
33151
47857
41179
48889
33961
39089
54979
62473
42727
40897
33791
39229
44543
55061
35023
36739
37747
43411
58109
54443
55807
39667
65029
54667
46681
50287
48247
62501
36767
56827
43753
33493
35129
52937
44273
58403
61099
64489
60757
64033
54851
60901
64577
55927
35923
48281
54367
45491
36383
56359
65147
60383
48479
51913
51043
51203
34301
43913
64433
40559
47741
44071
44279
39703
47221
61417
57301
63311
59557
50341
41243
48481
58031
32869
33329
47533
56527
50821
36877
51539
36109
45119
58099
51461
42227
52177
36791
54773
45389
42017
36913
51829
47111
64013
43117
42487
41617
58229
39827
43577
58237
34033
38119
41479
46171
58979
33151
55079
44249
41539
52127
45121
44497
50119
36587
41549
39019
60397
33359
55333
48259
51449
54133
33289
40841
35671
56711
36313
42433
62897
45599
38653
64067
53987
36017
41681
33359
63589
49697
49529
37061
41381
62507
47969
50593
40493
37517
37441
43063
44189
36793
50957
63773
54577
58711
44533
45433
35311
41399
38371
63743
55057
48409
56999
46309
58391
36739
51973
50329
44257
54443
48527
46751
34351
60779
43867
48259
38321
34129
63367
45491
59791
57077
36709
38083
57737
37663
59497
34273
42331
59197
46687
54779
50273
58537
52433
59183
39439
61717
34747
62971
37217
58207
43783
41141
47207
54539
35051
62903
62683
61381
52639
47837
63247
51869
51343
42979
53189
43853
55823
63577
46853
42197
34693
33349
64927
42437
51137
62467
46399
64621
45413
63907
41467
57149
62773
42337
40771
36587
39323
62743
52249
60041
36931
34631
54851
56239
38611
37799
37159
48193
46489
53507
65497
63367
35141
35969
38971
43661
51517
46183
47791
53783
62927
41593
62201
58379
61291
61781
42859
56591
64853
40693
34589
55843
52321
60217
50021
57331
64271
44119
46309
37589
44101
42443
61553
52057
59663
36109
55057
58367
54037
37243
42083
49333
33757
43391
57173
37813
36109
35797
41659
34543
38699
51347
57467
45077
38219
52903
37049
37447
42407
60083
56633
56401
39461
43313
40531
41687
65309
60889
47737
43609
47807
45259
52387
62563
52051
55291
38851
60953
37573
42929
42487
44687
51131
48593
33487
35311
54269
60169
52433
63853
63499
59629
38273
33073
42589
59149
52121
39857
55721
46771
54437
61757
42403
37517
32911
51859
55667
64123
53149
35677
50417
50957
42443
41543
62969
47797
49823
43933
49411
58111
49037
38281
54193
56527
39251
56569
50551
54907
60737
39313
54959
37607
52259
50581
55147
56249
61627
57041
58579
63737
33343
65183
54193
56009
55921
63667
63409
42071
41761
51683
62563
64489
56999
56599
55813
59053
49069
38377
64627
53441
65371
60353
64567
37633
44893
55967
41113
65099
47051
63667
40949
34369
41603
38201
60083
37607
44351
36913
65003
35323
39499
65407
44563
47387
64109
51343
62351
37649
63353
34217
40883
35291
53101
38677
35809
53773
58687
50321
39709
34351
33581
34487
54601
58573
40351
46507
41281
48623
35879
54419
52253
55921
39761
32797
43721
46183
35591
34519
35053
62311
37799
53639
50461
50261
56053
62617
44059
51827
42589
62869
40973
50821
47339
52999
48131
42187
52543
43151
46441
34171
41719
35603
51061
54277
36931
33151
32831
48481
51521
41801
58313
53731
53527
53231
49417
43991
39869
60127
50363
42937
63313
65099
56443
60647
36749
60623
36943
51631
63499
63803
54287
34273
42641
58937
61583
55373
55541
63761
44983
61837
37217
58741
48767
36191
47717
59753
54983
49253
33191
59567
49411
51517
45697
39791
52747
60899
54163
40087
42349
54623
60679
37397
42491
44533
41669
34667
63493
60013
62549
64577
37013
53881
43711
50503
59473
50951
59393
53777
62627
47981
52363
61223
46489
49429
48187
65033
65413
59167
44887
62801
33629
34631
41903
40543
54521
56891
47111
54799
43753
40883
60623
56827
49391
35449
63079
56477
64157
62873
56431
54311
45361
63647
51637
59443
63689
35171
33863
62687
56813
58897
44189
37397
42139
53323
38611
46091
63113
62417
36899
62897
35323
47129
38669
48679
46103
32839
39841
34183
62761
52181
57973
62897
52069
42509
53791
65141
34487
39569
35671
51859
36793
47287
34313
59207
59471
36389
41893
48247
35759
46301
52579
37517
33377
40361
51071
50671
47521
39373
47737
60413
47059
54469
65413
44641
50359
59357
60811
42751
38273
56239
42937
32939
45737
42239
55373
51413
58369
51193
35531
63857
55547
57793
43487
37879
45083
61813
58199
35317
61729
34183
51437
33073
37493
62303
62213
51349
56503
41969
47947
36187
55381
57203
45263
37049
49109
61031
51217
38729
62143
65203
38629
64879
33203
51869
60527
34429
58367
39511
47119
43759
44491
46301
41201
51797
32987
46073
37537
61471
40559
33911
36037
37369
46457
64997
49937
49057
60913
48131
38839
46681
62753
46183
63709
46877
51949
58067
56081
58511
52501
52859
63671
48091
56167
52721
52903
41413
36269
59351
61627
53201
60763
46237
33757
36653
59419
40151
42457
53419
52553
38651
44647
43499
54311
42901
55579
54679
41269
52259
63719
63127
33647
45497
43973
34721
44939
60337
55843
43991
53657
33199
33521
49201
42697
49481
49697
51797
47659
53411
50069
39887
35099
42863
57427
63691
40361
36709
42181
54497
36809
62273
33311
50461
42019
57179
35437
57557
54563
33811
40801
61253
62189
59419
60913
44089
53831
53113
35747
58661
43399
52747
61417
54979
46567
43487
34273
41719
54799
47791
57367
36007
41593
45247
40627
61379
34313
47843
40879
46073
45541
64007
36541
51413
37957
64453
40801
50087
56909
45707
37967
56383
60493
39139
56501
36583
42463
62191
51859
59729
45541
38653
60251
45439
63629
56809
58411
54713
46271
37853
38189
33613
63793
35671
48281
62939
50591
50893
33863
57329
62983
33457
40903
36979
56531
38567
46381
48799
57653
41057
42961
55849
39821
50053
33413
55339
61463
64921
35533
57487
33107
60901
63347
46591
57457
49109
48413
40237
63467
53299
38299
56713
55619
57107
33329
35363
53891
32803
37811
50231
53353
54617
46993
55109
61151
44279
53047
34217
65203
50993
50923
32983
44683
41281
51217
34183
47059
42443
57601
45233
41399
42649
62753
58337
57853
46867
56527
49409
58511
53173
58567
39241
44501
56477
45533
35323
35257
46309
44789
42641
55787
50023
63073
43577
37811
62047
53591
41051
47387
39293
43661
64033
58937
37201
52387
60217
51199
65327
33623
54419
41519
38219
51461
50221
54443
54287
62053
43003
49199
61547
36947
64433
42793
44519
42461
64033
61967
47363
52937
45823
57713
48649
64373
57727
57847
50417
36241
59797
39929
33769
60811
34807
48989
44647
61673
34457
58067
58757
53047
43997
60869
36997
45121
36527
33679
47513
45427
33113
39373
49409
48479
44641
51577
33749
61813
33617
45439
55817
41941
44207
65497
45959
36607
53759
62071
54449
45127
46099
46639
42349
42323
61909
55009
65171
56267
45949
56569
63901
47527
47819
45013
62827
43661
54181
56509
44623
50101
63647
59333
39733
44131
35069
33857
63313
55343
65029
63377
35593
59021
61483
36857
42751
52453
44963
50221
62549
41507
62581
43987
59971
47777
38069
58963
57163
39383
57587
56467
50773
43717
48767
54167
41729
46187
32833
44449
36781
45233
39863
56827
63611
38177
33107
49807
37049
59509
48533
60161
60869
50777
49033
54767
44789
55333
46681
34729
49991
50441
34313
45427
45893
49223
33563
43427
34679
63199
45599
40093
35201
40763
51827
44021
57587
40177
62191
35081
49667
52721
62351
54959
37549
57503
38747
62129
37217
37993
46181
54181
57881
43853
65437
54581
37717
48281
59629
43573
36097
44449
42209
56663
43969
45541
35731
41413
49477
62129
56009
44843
60611
38611
54869
56813
56477
63863
46853
57347
50411
50969
61603
65147
59123
36691
33359
49757
53101
64577
53299
59509
63067
36493
42463
54401
60101
47093
43759
49261
52433
45179
58411
51449
51347
33757
43457
60623
44959
58897
59729
49417
48787
65173
55073
48073
61631
39857
39509
55819
58997
53719
59183
43781
59887
57791
40357
59957
50221
34141
64679
60899
56149
46817
33427
46279
48271
65147
59053
40531
53951
55921
48473
58147
52727
40507
56711
57193
59929
62753
55717
53503
44579
57221
45989
44179
41341
53849
34883
52021
40277
61651
44501
45631
52177
60041
50839
46807
42589
44641
49531
46327
54673
42557
60601
37907
34897
50543
55547
41969
42577
36997
55201
48311
35491
39323
55931
36307
39509
54121
60821
41491
54539
47017
64601
36791
43607
33721
54721
36151
60917
47057
60493
60427
52103
45413
35311
35353
51239
56383
52391
43597
53629
36529
33647
38959
49807
50461
42467
63421
65269
58129
34253
55411
59209
55633
33857
37889
45631
37783
63853
56123
47653
49417
59693
40351
55219
37813
65029
63313
41863
49171
54293
52951
41761
39719
56041
47807
63361
48859
35279
34127
60161
36691
54151
58411
60413
39139
56873
47287
49927
50441
59791
48989
44543
48121
41603
36541
64679
46807
42703
57731
42457
43319
37123
64951
47057
44699
59621
60259
52069
65003
64223
61519
64927
56701
58231
37019
57781
54751
53881
55201
43177
37663
42767
33589
45707
38609
59021
34693
54181
39161
56597
56999
54287
37607
47911
52069
38197
34211
47657
37957
53699
58567
53597
44687
51449
63313
57803
42293
59333
62581
64513
42571
46681
49253
53309
39227
50177
34679
36587
53087
60259
48611
52627
45667
60167
55921
47657
46811
48497
58573
37199
53507
50753
41801
49363
42487
51581
52163
60763
59419
59509
36073
56237
43003
56369
63703
40177
62927
48947
40111
63073
46439
39443
57917
40823
57853
53161
34337
37957
49043
51071
43451
35899
51563
64717
49477
38971
52021
43321
51679
53017
33349
37021
33107
49529
64577
57149
57269
41521
45131
47129
35083
42239
52817
43759
35069
35153
42649
38729
62477
36131
43133
40507
47947
53077
53113
64663
62143
45953
33247
48197
64747
41177
62053
36479
37799
38167
43237
33769
44027
36791
46411
42043
42989
58913
58243
39703
45131
49789
44959
60443
53783
35591
45533
39503
38183
56909
51157
55469
59011
43013
45427
40039
38767
35423
52201
35059
33521
41539
40427
37363
33751
63443
42643
45293
41177
52919
59113
59887
48413
49801
58403
44131
41141
40189
63311
35869
39251
61609
35729
56527
49057
49991
48619
32869
33053
33479
54919
34337
45523
50417
33797
58211
50273
40751
44623
36277
40697
43961
33151
35059
59557
55103
42323
43271
51407
41143
43159
34649
54361
56701
57097
51893
44501
39323
54293
55373
65147
34211
55079
52673
46451
64919
44389
45569
61723
49831
53377
60107
35837
38039
46829
61909
51721
34843
52067
34649
60223
39293
55511
50551
57923
54829
51941
59021
40879
63647
44089
49789
35447
36191
64877
42073
60961
62897
43291
49391
64783
45281
55787
52957
35999
35107
62801
57787
65029
34939
34679
63331
46829
48883
54577
57803
43283
48337
35279
59219
65239
57467
38821
50651
61949
57301
33287
53267
54631
59887
57679
51151
51439
63809
40771
50153
64399
41957
36821
64679
64483
45121
63499
44111
64693
59627
35899
54091
58211
36229
46601
38321
52253
44839
63439
38977
51329
53279
48407
59341
63299
33151
58049
51673
45557
33377
44381
63611
47353
46171
55001
58543
48589
49787
49123
58573
36637
47939
50753
55079
40037
45707
61703
34613
61261
52901
35671
62869
45953
61091
37501
39103
56633
38299
58237
39821
47563
41809
39139
38231
47903
33427
44111
43051
62401
33613
62731
49169
37181
45841
39841
62827
43271
44851
37087
48023
57037
35809
51071
42719
57527
34061
38377
48157
55633
42569
47533
42089
47837
49253
49277
58831
35291
45971
38729
63607
64601
51431
37897
62273
52733
37997
50891
63421
47657
47563
55927
41039
42577
57467
62761
38287
34721
59107
38977
49171
47123
38449
56779
44159
60737
33181
62207
55843
46351
42299
52291
40387
48119
64927
59011
51419
65519
40189
64621
61723
54409
41813
37649
41077
35081
34297
33623
62323
61981
34157
56527
51437
42727
65171
60373
53773
51283
40591
36187
50839
56909
52889
62171
56951
55021
49921
46993
64019
51287
65257
48119
62207
47963
54779
46619
35381
39341
52889
62983
35591
57047
39581
38327
41759
32993
60037
60901
39047
51577
48119
62791
53093
52369
55259
36083
60271
33083
41177
40841
34031
47681
38707
55889
64997
60917
60737
34807
60029
38543
39133
62801
47207
45697
36887
50857
51679
38053
56767
37039
59581
37549
53507
48383
47777
49277
63391
40063
38377
54623
56843
58321
35257
46301
55927
57637
47623
36583
37811
38729
42643
49037
49207
64601
49043
59921
37171
63533
64613
49529
33119
35993
61703
60919
46507
44789
48131
53897
39877
64489
63367
33941
46141
36319
59753
33647
60821
41057
36671
46499
40591
62053
43117
46901
54449
36151
41357
51059
51071
45247
40427
51659
61261
58217
35461
56533
65027
43283
62207
62653
45893
42787
49559
55849
57223
35257
55609
52067
50033
48247
60089
55921
51803
55763
59053
46073
50261
46399
55667
53441
38321
42461
36097
45083
40213
61561
42197
46049
60251
40903
53591
65119
57221
36131
62039
38321
59791
64613
35129
49103
48823
48539
43159
57731
55339
35603
47353
49597
37567
63199
38713
55213
36583
40853
49639
52249
40487
61051
61333
40771
58057
40883
54059
50341
45413
49811
33151
48889
34313
46457
34183
61141
34631
41627
60899
46447
41081
59629
62137
41611
34631
52967
52609
55373
55207
41399
59219
61357
47119
60637
42821
58067
60889
58907
43283
53281
54539
46559
53593
60859
55807
33151
46889
63391
61211
34159
36913
34961
62327
44257
50363
57349
57493
61643
44087
50077
33581
41117
45863
56267
39113
45641
62207
33503
59887
62773
46619
61099
63671
44027
39719
59771
45737
50873
52183
49117
53777
49877
61583
56473
57977
48779
65449
51949
44207
60133
42157
54371
47129
41341
65393
43541
38501
47297
47419
56731
55843
34141
41777
57751
34603
45343
36451
39857
57737
50101
33587
58369
38431
47459
55667
35731
60037
61409
44587
57131
59077
47543
58393
51193
53719
45491
52489
57119
34421
61031
50177
50893
62659
49369
52387
38219
37511
49811
65063
46271
47147
55337
41341
43541
47819
45061
58067
56611
36671
41659
38891
54829
45827
65011
64081
57089
32831
37309
60373
63467
62219
57653
47533
61613
39251
56099
60943
33191
58963
43541
59063
51473
52579
59011
47939
39107
34843
48109
45863
40343
39839
36527
44483
61909
46649
35327
58031
41617
59473
40427
51659
50441
41333
40519
65011
58757
49339
34549
53149
45083
40427
64853
65357
36931
42557
59407
59779
36997
63487
64871
64633
61493
42967
38371
34649
41947
34537
50551
34327
57713
45817
38039
62903
46099
42743
55147
37181
35839
58111
43789
37619
52189
43613
45533
64033
39563
41357
61879
34141
51593
39791
53189
61583
65029
44687
39671
46957
59669
46957
47947
42043
63617
51461
59957
50867
53197
59141
35969
52667
47119
52433
38959
53117
39719
39769
41341
55621
63853
40231
53857
37967
57977
48079
52027
60661
49297
39367
57143
54377
38669
46877
44201
35911
50773
40493
45013
44621
37199
58897
50033
45061
54973
40949
46183
34847
51637
44249
61169
47417
55511
47293
53407
52051
64951
56897
49957
47087
55817
40151
38603
32783
53189
45557
43661
55673
35267
37463
38047
45707
61837
37181
56453
61297
40591
33721
63463
35977
51347
59141
32987
39191
38903
63347
53623
58169
64499
61261
39343
41519
56891
49681
42257
42473
50551
60919
54037
52727
60443
55849
54721
59149
60607
40277
65029
51283
59359
48523
45667
44893
38231
48991
57131
59053
55621
40883
43867
48017
40231
43063
64189
57641
60611
38669
37409
47563
42437
53987
44203
57427
44587
58411
35257
49481
57221
47869
42397
38053
44621
55009
47129
61483
61331
46103
56039
49481
65413
47951
65419
47353
54443
51869
54559
59167
44449
32779
43013
41999
54767
38197
59357
38851
36269
37691
63527
43517
63901
47939
37363
57899
42023
40039
47869
46141
48479
40961
64901
50207
46757
47269
40739
40193
54787
46889
50231
60649
42397
46633
43541
48731
49523
64609
49843
40343
50773
35227
40801
44371
48341
34033
65323
64439
39451
65257
38873
47389
60637
38321
55079
42131
50651
37217
43451
49307
50023
35851
42953
62507
41023
64969
62131
36643
36269
37049
60259
51899
32779
35977
37799
53993
59671
59753
36929
61561
59669
43759
44939
57139
51647
52361
39119
52291
33403
55793
47951
56171
52579
45763
45569
36137
51001
44059
41957
65183
59011
59957
46523
39209
38821
50773
36307
61343
57791
63691
38713
56393
63617
33331
33461
33941
45191
59333
44389
48619
40231
46471
33529
40483
40357
40543
54559
61099
50273
60013
62597
52267
51031
34763
62971
36671
55987
59723
35437
56311
46471
57251
44701
65357
61667
56401
64661
40087
34171
48533
61631
63793
49139
38299
51973
51691
52861
39727
33071
59029
43591
52183
60623
36931
45161
42787
56909
39971
60013
57689
37871
51347
43789
39199
61441
54667
40637
37057
44201
65327
42533
54421
42577
45541
57503
35951
37057
46807
54577
64783
51473
44959
34687
46757
42701
47713
56249
60083
53359
62219
61879
53609
52489
37853
49727
51061
50047
33757
64091
44917
53773
55469
33601
62347
65437
46507
46411
42863
41611
59273
49459
51001
55079
65479
44963
51449
44123
41801
54547
53609
36973
47119
46261
47353
65519
46663
43441
38557
40829
43891
37273
49711
57829
45233
40351
58067
63697
50359
41257
39041
45779
56113
58733
41299
47717
58727
32839
65147
46901
41959
33809
39749
55721
40499
51511
52709
56891
54679
37861
42223
53813
46309
47933
62873
40559
38449
37699
40897
48649
48239
42829
38711
63241
42071
59009
46439
34649
39227
54139
48029
57283
64373
56767
65171
56311
58229
63241
55469
65101
61687
62191
59183
59243
58229
49843
60083
64877
57839
34033
45599
37657
51263
39727
44101
52999
50077
63929
48731
50707
62047
53087
50857
57731
49919
60821
62351
37907
63331
62639
38119
59557
37273
34469
54667
63659
47149
43399
44171
59957
54577
41897
65167
47777
48541
55621
59083
42641
39883
62473
50101
64151
46831
49307
47869
46337
59981
39443
60961
45677
59441
46589
57653
42709
55411
60719
58537
52691
54449
62273
42571
43889
58111
53377
35099
33587
59651
38431
46507
48859
48491
35023
38677
56099
53279
61909
51869
48187
44773
53719
63277
49109
47387
38873
53507
45377
56731
44089
49499
51551
50153
50551
57173
41761
38611
37321
53003
60733
36997
62927
63377
53993
43789
47221
64811
58573
44053
43261
36653
34501
50077
40277
64327
58979
50287
35281
33179
58379
59753
59113
57349
51647
59513
65447
54547
55673
62459
50087
60083
38501
51061
35083
41521
33203
43889
52957
36541
37061
49843
43063
62761
62533
46091
56911
37447
55681
56633
56713
49547
53717
56149
64591
54437
52973
62723
48823
55633
61057
64109
45413
50893
37313
44687
42829
32999
59743
48539
55897
51949
58109
41519
57287
59699
52583
50891
35051
34703
50989
55933
42649
45707
45197
43013
49991
39821
34327
45377
56009
43951
62303
63059
44657
59023
52313
55721
57389
56101
33623
47701
39989
49199
37397
33289
65179
49033
34031
33023
60889
64433
43177
33479
35423
44647
57179
52627
42853
33637
48479
34429
34369
43403
36551
37003
62119
54011
42179
57977
58171
52501
47309
63853
63697
46229
65089
58363
65213
42689
55439
63607
47251
39419
65423
49481
54767
39841
47431
38711
65309
43633
63521
33829
53077
50273
55259
62297
54083
38651
46141
37361
57571
56533
60521
61583
59621
59393
62983
48311
57139
47659
47279
57073
43013
33941
39979
63671
44531
33533
65267
56911
42089
54287
54751
62473
61091
64187
44129
46591
34583
40771
55933
48487
51631
45953
54583
49069
37223
53639
39841
40739
55217
39619
41233
41141
51341
58537
42727
52709
56417
42689
58771
41999
41011
46477
53453
41911
59377
51991
59273
60659
44771
45181
47309
63577
48857
51941
45833
34763
50989
58031
40531
60779
39569
41039
41539
35573
40847
50053
35677
51659
35831
51871
51577
42283
59999
64817
60917
56269
33073
56929
40763
60149
55697
48779
37217
48247
38561
36187
34231
61297
57751
63029
55799
43103
38501
54413
47363
33923
59107
33767
52721
56911
56087
34919
59239
55217
41333
55337
42683
54133
57923
33533
52951
33083
40739
59567
35353
36847
57787
51307
46439
50411
63697
49627
57977
40099
43331
50821
46523
59441
40883
33457
51517
40507
56311
58099
59497
35081
61463
58199
61027
35617
39097
62939
53731
44641
50129
61643
34273
64171
63527
58193
64303
50147
43711
39341
41543
54721
50549
62929
35099
49157
39953
63467
59561
52861
33923
35531
48119
34319
37783
47699
37861
43499
41651
42839
61543
60761
53939
58217
38449
47459
49739
40037
39439
63029
34841
63211
59399
49123
65267
51827
53117
51659
47777
47513
49853
46451
64817
40189
57373
50273
52529
48757
55793
57809
35879
51137
58393
48079
44203
59113
61933
54347
44563
57973
61667
48809
48593
33161
46261
43789
51197
49391
41243
61493
53113
48649
64301
60617
40493
65129
51749
52223
50341
61339
46751
40433
57373
33923
64399
37511
34217
57367
39443
51427
33181
39373
43783
56401
55021
59441
36457
57143
51991
41593
51347
48799
37907
48679
41879
57809
38609
47309
38861
33349
34513
51473
40277
40637
46441
64901
54421
57601
38317
57839
33073
32803
48679
35803
48991
54311
47497
53381
46589
40343
34369
60923
63913
59797
63691
46133
61723
39791
47653
47533
34877
50549
47353
52543
41539
53503
45869
46441
40037
34469
34651
48661
62687
35027
33503
40529
41927
63697
35423
52883
44483
47431
46051
40879
49613
34613
55639
54371
42923
64171
52027
33247
35831
42457
45667
60083
53353
49747
47317
33409
61547
53089
34483
49433
61169
44909
54437
46049
46153
33569
51361
55229
64811
50929
64553
51047
60607
48883
50123
42727
62861
47189
32933
50459
53857
42967
44249
63697
42979
45841
42013
36473
62549
37321
35591
34127
39607
50539
41351
49463
64189
57427
39569
61819
33581
48673
34483
33301
42457
53549
38377
51637
41761
43951
58573
51043
61861
49451
32939
35129
47293
39367
64853
53299
37957
51421
56951
45943
36643
42407
34019
45631
60493
45007
43117
34591
62501
41941
49807
59209
32801
61561
45197
53849
48857
55439
65269
63487
35597
48409
38189
48109
45139
64663
49477
58129
58057
59243
58451
48533
62539
37039
54401
63527
48449
56809
59281
32999
43319
64403
55213
62273
46187
63103
53593
36901
56873
45569
65147
46549
40129
57059
56813
63439
43783
59567
55511
62597
36433
37861
39607
51419
32797
48611
61483
50033
46049
36709
36923
42737
56629
49003
61031
37573
64709
35509
34759
44651
52313
64877
53609
52127
51169
52937
53791
33479
52021
55339
40427
48371
45569
35051
52237
60611
52973
58831
44257
50893
60637
53639
35363
60637
50021
42767
55967
61417
38219
56713
61121
33967
44987
47657
42403
57301
62483
38971
35747
62459
61657
49549
61031
35449
48821
56993
37049
34031
51551
36097
38783
33811
51827
49937
49411
45083
57251
57793
59219
63367
46261
59999
56857
34667
55843
46649
52901
36847
36479
61493
60169
58567
64373
33331
44797
43159
54469
45329
50993
44809
35267
44909
50021
35771
57899
34687
51239
51479
41047
62633
42437
42703
44953
36587
62603
58171
37811
51287
43609
39383
34919
56437
61729
54101
34667
65129
51481
34939
62099
62327
44927
51683
60029
56239
59557
38197
34841
62003
65293
48479
52009
59023
49169
39301
42589
44207
39671
55163
53503
61441
64171
58189
64921
46099
65239
61627
65287
37847
47977
54973
39161
52511
42223
60217
65119
54217
40519
41057
32797
60167
49853
36691
44531
44563
35291
57271
61813
44867
64679
41983
54727
34429
33749
48481
55897
56041
63097
50821
53693
43633
60209
44357
44851
37783
56393
60539
47189
45863
61283
42709
58403
53611
52727
56453
34721
61603
51347
57223
54881
34033
53861
48787
54539
55061
50789
61141
35801
41927
55501
62761
47807
54751
50153
55399
34607
38351
41453
42487
53857
61613
32831
42899
60427
59743
58787
34667
56663
61673
56053
52541
34123
44983
38377
65089
36749
41611
42641
41243
41203
40423
58453
36523
63499
62873
35353
42221
50047
43651
48341
58787
43711
64747
43793
35933
49109
46589
52889
58453
45329
45061
58711
33091
37223
38281
44059
63727
64373
38287
56737
56401
51241
35401
58391
62273
60103
51607
59029
52951
40231
42221
33967
42443
35671
57467
44753
52999
62687
46489
49529
57947
44579
57427
38639
61051
57413
64451
58367
49121
32941
53087
38183
59009
63799
60133
62791
60601
53653
43487
44623
44771
65111
35449
63719
49937
62131
52579
54011
34939
36073
33533
43177
51713
42821
50527
51407
64333
49193
59617
49597
57221
56359
52757
42337
64567
52069
46549
56633
54413
50423
60647
38167
53993
39511
61091
58897
37483
63743
44549
45289
33871
51929
58379
35311
36587
52901
48221
35509
56813
53117
55381
57847
45319
64747
42131
52553
61879
39499
34847
61687
37693
56611
61297
50423
54851
41479
40637
47419
54721
40961
57829
43591
62617
41263
47491
50363
44497
65419
61297
50417
39341
64577
36979
62987
56377
58913
55343
41507
57077
62507
41299
37579
52511
57923
48779
42787
41941
40897
51517
42397
59393
45869
49411
62297
55343
62171
36277
43541
63337
60773
40471
59779
32789
58831
55147
62581
43067
62351
50263
50957
37813
52181
57991
56671
42677
59093
37307
58031
44389
33053
38693
56431
40961
56857
56773
33613
43399
34961
50893
51683
61673
61637
45767
37799
37537
41681
60757
40289
50329
62801
63493
64951
44687
49037
33119
47947
34949
38783
35089
57791
46957
37489
39779
36887
50951
34513
65123
44453
59879
65203
56131
51613
60353
53239
56591
38903
61381
43543
36833
51929
56333
56401
41617
57203
62311
35537
37061
44917
60811
53987
59417
38153
42461
59113
38977
51343
35729
50527
51481
50047
35201
45131
36341
52433
57493
40343
43577
41603
41729
58237
56041
63577
47269
40151
50263
44021
45377
51169
63211
55711
34543
61379
39181
58901
39733
59707
47533
38447
53299
52757
42773
52711
33317
64921
38069
61813
40759
41627
48947
33637
59393
32833
47623
49253
62047
45343
35117
38611
39839
64333
54151
48121
37369
40507
33349
38011
34483
47017
46103
49537
41681
57557
56527
48787
65393
41801
57593
58897
62189
40433
50131
55103
42773
58897
56737
61559
50423
49121
43207
64567
59651
56827
39659
58111
44483
63467
33149
54401
55807
35449
49223
54091
65323
34877
37189
38543
49451
41957
43397
61981
46993
61043
61051
39623
62099
52121
37691
36307
42793
65479
54167
36161
62347
37517
41983
54559
33493
51683
64817
54403
42683
43591
60289
42737
60161
39373
52457
39847
53927
61297
61751
63907
39971
48271
60133
47639
57859
39869
61681
36947
48179
60103
61507
62501
45053
43321
40099
33487
41299
41387
39113
46877
42743
34757
36997
35797
59273
48857
33829
37021
39929
48673
63241
49823
62597
37571
55849
48809
53549
41467
56731
42221
36373
62773
37123
65111
57251
44963
39901
60793
57037
38321
62659
34607
36307
39239
61363
51437
59779
62477
55787
38219
50873
45497
33349
60899
59273
44389
64609
50873
48197
38867
34843
37831
62053
35149
57973
57221
59509
62201
35527
61051
42697
34031
46901
62351
56093
47743
55823
46807
37397
46381
55457
50153
65393
58543
50263
44809
35111
44549
63097
50929
58787
35509
43487
55949
52553
34057
43517
56443
48589
41893
46021
42937
47903
63409
45317
60103
46831
43543
55049
57737
40343
36713
63727
57803
40699
35327
51461
55333
63671
64301
47057
51061
56123
46723
63073
44101
41611
40867
60617
37897
53279
53017
59243
59197
48119
33679
34469
40039
40427
48673
48781
44131
53437
56101
61553
34031
38449
60091
51673
51473
60961
57791
57413
36929
38569
63839
49939
48029
63131
64613
40189
60257
34631
52267
57697
55171
34819
43441
58679
62417
43691
39119
62057
56039
36571
61667
44867
64153
38873
50329
58679
59443
42463
56681
47303
55849
62921
59341
64483
46681
51193
63247
58393
36277
39047
51971
48541
33329
38851
55351
64091
56597
55721
40231
36473
52321
38299
61651
55343
49043
54779
55259
33827
62351
43987
46451
49559
62929
59971
64279
57781
50023
40531
37657
50093
47123
49279
34457
41603
42937
49019
63709
42961
33287
47653
60821
56467
44531
48353
36541
42793
48221
42019
64747
35221
45599
55763
42689
57587
61141
41077
55001
55213
36671
58111
52901
36713
65171
51659
60919
51361
65353
40099
47917
65353
55163
40433
52571
54049
37951
50839
44383
50087
53323
36473
48907
46147
38329
34519
52321
64489
45979
35317
37529
34871
47303
38567
36637
58391
47659
33289
62467
36877
42257
38609
51193
37799
60539
39799
52501
35617
44501
35521
59671
54151
55927
37423
37423
61001
38377
54727
36493
51001
62497
58907
62273
39439
55529
38327
56989
61547
51341
40361
34159
53197
64591
53917
33377
47939
52711
63793
34367
51839
48311
42737
34031
32987
45281
46919
59107
36011
46633
53077
59341
56453
48767
43781
41759
64951
62011
33191
43457
64283
48479
58679
34919
39079
62927
50651
32831
42979
43237
45481
37123
60223
40189
47221
55219
50153
57373
48647
57367
63409
42019
55927
54563
47563
51941
62423
40433
50821
38557
60607
58393
51197
47713
39679
39607
62971
59239
51769
40177
39229
59467
59699
40577
63719
57809
59999
35027
59207
45943
55691
49957
45869
34301
38791
44621
49333
51817
61211
56611
61543
41777
64849
47657
51817
61141
55921
61933
40231
33749
60107
48973
49363
40037
40289
49529
32771
57899
37123
51461
59333
63361
38711
61051
41737
43397
43943
52639
33923
61417
49433
52951
50993
43591
36791
62929
57373
41149
58309
62989
36017
60811
53653
56207
44027
57493
60793
38299
41281
59029
57413
39887
35603
49019
33827
38693
60337
59629
46997
34367
55681
47881
50311
34537
65309
60497
55799
37549
54941
54401
64109
64621
64969
39551
50627
35461
42937
62929
64157
52889
65011
61757
42101
34897
52783
43331
61949
55787
47501
56711
36691
35251
41903
62773
49991
35311
42929
53267
63647
46219
39847
36779
56807
62323
62171
37321
62047
42701
41047
40009
33937
62189
55933
38867
45191
51907
52201
34757
42841
56249
49417
44449
35317
52253
56963
47653
50129
63367
50411
62131
51349
33461
61871
33703
42829
52937
59513
56401
61091
44249
52103
53173
45863
40357
60649
54727
63667
50047
37591
51479
49663
43223
65179
33923
44633
35129
39829
61657
45307
54133
46829
62017
54371
63773
36901
51647
58379
61781
54403
48023
46807
51329
58073
39293
32779
34141
55901
47533
41609
52189
52567
36541
48869
47911
50833
40597
37783
36671
56501
36131
46619
57329
61717
52009
40433
34847
61403
51767
55073
63361
53327
37547
58411
50333
57347
34847
56767
52973
59149
42013
55621
35401
43223
47563
44279
65171
65309
63587
43789
43777
34367
45389
49937
35617
62171
47381
53891
51517
38749
51899
56827
48821
33617
42467
51673
42829
49627
51461
49417
59419
47791
50461
44371
42187
65357
36341
41023
53077
62791
44809
37951
45481
59029
44927
56443
45197
51563
37447
50707
52813
46091
53279
39097
40841
61603
44123
40829
39719
65323
63907
36781
43597
47137
60259
64811
36151
35023
37607
61031
60869
56377
58979
40237
36457
64877
56909
64667
35423
47189
33049
45061
63317
63809
42283
57383
42611
42463
42767
59627
49207
37397
42181
49549
41953
61819
40037
44273
64091
38303
62417
41759
56747
41761
59771
46187
60821
63907
43783
48649
40637
41593
58963
46381
48817
42649
63467
64033
52291
53831
46093
49999
35809
39161
47491
57397
45439
46687
64157
37441
63463
33587
52321
53507
36857
42197
39989
33809
38219
49943
44563
50287
53129
59243
56681
41051
59921
37987
36877
55201
35081
62171
59167
46271
41413
34513
48647
41051
34183
40897
48533
33751
64279
65203
56957
61291
38767
52963
52379
51427
55927
50207
52543
47581
37493
52583
34457
48481
63691
49667
47837
53719
50503
44587
44809
52807
57991
53479
59509
39719
51581
43543
49613
50821
40591
37369
64381
32987
47189
49253
54773
53939
43391
35531
60257
62189
56437
53887
41281
42829
39667
51361
62467
61091
49639
45061
64937
36263
62497
37339
50647
58189
49633
47297
53527
55691
36583
41519
49003
38153
50129
41161
49123
52639
55871
50777
34721
49853
37447
35677
48541
49081
38183
35839
63803
41243
38833
64489
58543
43543
40903
61223
51551
54709
42751
47911
52691
48523
46181
53591
33083
39419
36697
37189
43451
40949
62563
44621
58573
40903
61667
58679
53633
52561
52583
48109
42727
52009
61673
43037
46279
45247
59669
61987
65167
58453
64879
49223
37957
36637
36061
50377
37547
41513
44491
50513
36541
52153
49057
48491
41627
36293
37397
52183
35159
63377
63697
37409
57073
50177
63997
51913
33851
57193
65063
37643
56003
56417
34127
37507
55603
40253
43411
56591
41521
64513
41813
56783
53267
54409
55819
61643
33893
37441
56993
57641
36761
50287
44579
45329
52103
34687
36469
49727
34213
42793
50893
39443
36629
37643
40093
47911
42841
58567
59513
53003
59369
54881
49171
47189
48731
41843
54583
33469
62987
40039
61687
58391
42689
42257
56041
49789
32933
39107
44207
61379
49363
61667
52501
62099
56873
61933
57271
58613
60637
39769
36761
45341
39619
53993
53731
62071
37189
43669
54469
47869
58031
50513
54983
53147
41519
61043
34589
51241
39953
61643
53407
35983
36871
41543
34651
64763
48337
59723
33151
46309
53551
61543
58043
53407
48611
60103
57917
47623
61223
50093
62653
37223
57097
33211
55579
58067
57413
43517
43597
47857
54331
55997
40519
49339
45497
34693
44753
43577
55313
58393
62897
61631
44123
41389
35407
59473
36277
58937
45337
40531
49297
54181
58363
40387
42017
45589
62189
36929
54133
47963
38933
34739
44029
63761
44953
36017
42397
34819
57947
39821
48179
65407
55229
45131
51767
43991
37087
43159
56821
57047
60353
63377
61681
39671
55529
56099
34327
45757
60961
46301
44797
38327
40039
61613
43411
40739
59699
56131
39953
52817
33923
54917
37483
49121
56827
36643
35141
55171
43441
60293
65357
41389
56443
40739
33521
47221
61441
42379
61583
61381
58147
64301
43579
40013
62143
36787
46751
34781
57349
61729
52223
58733
46181
51871
47869
58211
50893
50359
63727
44917
39119
46349
34361
63607
47711
57991
44059
34729
65003
49627
34259
63599
44021
45989
49811
45553
38803
50707
53323
39313
61729
46447
33119
64613
45233
34679
48179
64067
33223
44579
40163
45233
41269
63773
51407
40289
50263
57287
57397
55829
38449
35597
44491
61987
34273
35803
59263
36137
38543
52583
44371
46817
44249
45481
47629
55219
60251
46099
37633
33479
36721
63419
33113
39671
39161
64283
65267
44657
45697
48647
50849
50417
47269
49033
62473
51449
47087
60661
54601
54121
32801
55579
34549
63127
42281
47389
44263
51607
58309
34157
57719
54443
58099
48647
38803
47149
36947
35593
65029
56333
61141
34261
46727
57709
35027
55949
58741
58699
61673
57917
60169
39631
49663
39671
39341
60223
33113
46567
60209
36793
46477
46349
57193
64879
48733
33049
51419
54709
35153
57251
35051
35543
38611
42589
60257
51151
34703
58579
36871
61543
36943
44501
57689
62401
62017
39877
33587
33083
40387
40819
51929
60139
37717
45127
51241
33889
52313
37489
60089
40127
52733
53609
41981
55849
39439
33829
37253
40709
61991
44579
39563
47903
40169
44087
36761
41117
65519
35053
45281
33349
62327
62897
33203
56929
49943
53623
63541
51487
45013
45659
39113
57413
55819
59051
47051
40357
55589
49277
41333
33179
43019
59999
36061
55217
48491
43283
49009
40499
45737
51043
40361
56087
35771
34039
63647
53891
53239
62053
59351
45007
49559
43753
57331
63743
62827
53899
33577
51521
59399
37991
64709
41719
45763
46853
39679
37511
35201
63467
41131
53623
35603
57697
38197
34883
54983
32909
42953
38153
53719
46679
51593
58193
61483
49139
41611
60509
40939
47389
54851
39461
34369
62507
49663
58013
39821
38609
63313
37967
59447
54409
60793
40813
65179
39343
45827
60733
47711
42221
46751
36781
47059
56467
46451
62327
56473
50387
50503
59051
55469
59077
58907
47609
57641
37957
44867
54493
56809
34843
41611
56311
38609
46901
46559
62591
48371
49823
60271
36923
52639
32803
38737
40289
39047
37811
37013
41641
65029
45817
53147
36583
37579
34403
32887
53233
39041
41887
37879
60793
40507
46061
33547
58321
54121
56149
57221
48259
37061
38449
46199
60689
39367
39227
54629
63703
53089
60317
41047
34949
49207
52489
34061
51349
49031
36013
59393
57839
56167
49783
45823
60337
56053
56543
41051
51109
61613
57349
62189
49927
56809
52889
40253
58189
55711
52627
51503
33547
49787
42839
60077
65167
36739
39829
65089
48571
41851
59123
48079
51071
53831
54251
63901
43207
60647
53719
47809
47809
35731
39359
61643
63799
59119
55511
59393
37253
64151
41141
45667
38461
43063
36721
35527
51971
57349
42391
60317
53441
61001
64871
33343
53309
37357
56003
39829
41227
58771
59833
33641
64591
37493
47521
51047
46271
53693
50159
54091
56299
36343
40127
36781
49667
55343
49603
44017
37171
51043
62903
59791
53881
58073
57751
42689
42437
35363
38611
38329
36473
38953
62201
47527
63649
57587
41603
44563
52813
42767
34649
36131
57269
37511
33757
43889
38707
61519
34157
46349
62969
61603
41333
61603
60649
42349
39511
47711
39371
37831
58963
41893
37369
48859
61261
48947
40013
47431
64579
40289
59581
58897
35831
38329
42989
51479
37871
35569
60497
54409
65003
41893
35747
51437
55079
54403
48409
33479
33599
49531
38231
32779
36767
55931
58567
57641
60317
52627
63863
37501
54521
44879
60509
46831
58073
44927
64567
38177
36433
54917
59083
34847
45319
63397
44179
61339
64301
59359
53231
62861
49613
39733
61927
49297
59407
59069
33811
61967
45083
49531
51157
45497
40813
47293
54331
43669
36779
41521
56629
40973
50177
49669
51061
59887
59273
36457
53233
57457
52121
62501
51787
43049
56827
50543
64037
51503
33893
47353
52631
59539
51419
45197
41399
49681
51199
51473
61363
49339
35671
38977
42451
45971
61609
43063
59611
37889
34297
41849
35983
40801
61627
37201
64921
34763
62861
37493
43543
63599
45599
52691
50789
33599
42667
42989
49877
44041
50417
64613
45989
58243
40193
61469
52919
56503
47041
39439
45341
42953
65447
64663
42829
53407
64063
42323
60623
38629
42643
36709
46199
38737
51713
56599
35419
38153
57991
54799
48661
59863
54269
37579
50387
48661
49937
39373
36653
50753
63587
40849
47969
41333
62213
52103
60091
45361
58337
42901
60859
58217
60821
36587
41231
53593
59743
58417
35911
36497
33413
50957
37307
36037
59833
39371
34499
64661
54371
65521
54443
38239
52363
44519
51151
38977
60413
44893
53327
46147
44621
65323
36919
51131
56489
57641
49333
44497
59929
53411
41269
42139
38351
54539
47237
44851
39847
56701
51151
57259
64037
51449
55511
50599
39929
58427
37223
59197
46489
35251
49823
55501
60443
40819
40897
42901
34033
43117
35099
33311
61681
48647
33521
63059
50077
49993
41143
39359
59693
58567
39227
52301
49339
39563
48799
39829
49043
40949
37313
35977
41231
39727
47701
36217
49807
56267
50647
38273
35731
41233
55763
44797
39827
41039
40111
61357
32831
50291
60887
61609
38821
51361
60029
59671
50599
63499
60917
36523
37369
60037
36073
43093
64187
59207
32909
58937
54667
38711
33287
43943
63671
39839
42797
37321
41257
36559
32957
61837
63487
36251
44059
63907
32969
50311
45737
35671
52951
57143
44651
39181
36307
59417
35323
48437
51347
35291
48481
57901
40841
41983
48121
34057
40577
57697
63533
53791
35141
60293
41801
48407
33569
54311
40013
39551
33353
35969
52889
45841
47051
58661
35747
39659
42223
53891
44483
49823
63977
55021
58211
33827
41039
53239
62633
41897
36653
50207
44987
61667
60919
65449
40423
65407
58997
43051
40903
41221
62417
63809
44893
44059
52249
63277
39827
63299
40949
62201
46141
36061
37181
63199
34603
59879
62047
43913
36529
33641
55243
48157
41579
51347
52177
46643
54517
44927
46817
60449
58153
56179
57697
62921
48239
41381
46901
35671
36847
44633
42569
41513
52883
61051
61949
44579
44617
59929
58417
37997
34519
37483
37253
43777
47507
53773
59351
55609
51637
63211
34673
56533
45869
44939
57853
63353
47533
42283
64381
43577
57331
40037
38873
57901
63059
47819
49037
53611
63577
42667
43451
35339
39041
57637
58439
61961
40507
49253
65327
54713
37567
46099
48473
33427
48247
38219
62423
52667
64153
36947
41513
33599
41257
35923
34367
50893
51517
38953
54413
59197
47881
36083
43481
45673
52103
50513
32969
65029
47563
57899
58579
44953
61603
61813
47629
60919
63863
47939
60017
61153
40429
63439
56591
64063
64013
63367
33601
43441
32869
35323
49943
55217
37463
46751
58991
33113
33289
37847
52837
52957
44383
33617
58771
62819
44851
54133
51461
60037
47819
52457
36931
45677
53897
63809
60397
56467
57163
51721
37217
44071
57383
54181
35603
58129
50077
62827
34843
48733
44269
59263
36697
44939
43403
52727
35591
33391
62981
38333
55681
51109
65371
40867
33521
63113
61991
49633
45541
63629
47149
42443
45233
35999
60457
35311
52861
43403
42727
48889
44633
62143
46051
59077
61441
48311
59083
49927
53699
42787
60331
45767
60103
36151
32911
39199
52081
51613
53759
35251
47777
63103
60953
46511
57901
63311
51607
61469
35339
50789
57697
45989
34457
53993
48091
60761
56099
60793
46807
61909
63773
54601
60607
61949
34687
59149
59357
33461
51647
60209
56543
42299
53327
42703
57329
53093
56401
46601
55373
34549
33713
52267
44971
57059
59419
49109
56821
52951
46997
45061
42773
40763
50551
60497
36761
37691
61403
49523
52553
33457
54443
44621
45853
63487
35081
34487
46523
62383
53437
64153
38261
34589
51427
64937
53597
52861
42437
54419
53617
36217
58391
36607
35267
39163
36467
45833
39733
56821
36899
50383
62633
36529
49633
47809
59699
52783
41467
47317
34651
41681
61151
56269
53629
47161
53437
48991
52249
57301
38083
62011
54011
54713
44171
42443
52627
42667
38273
34019
53759
49297
52369
52009
47737
46757
41513
37561
36523
48371
55061
58733
46351
44201
34231
61837
63127
63277
39323
59357
63977
41131
53887
53507
62347
39157
46381
37589
50969
51817
36209
53849
43397
38603
50957
64709
36073
48779
47699
63841
47507
60607
47513
40927
63073
37307
51797
55589
34127
35257
56731
56989
58511
50923
63367
64613
36767
44249
34693
41947
48091
49177
34031
51169
34057
42409
45959
38593
44843
45863
36529
57073
45599
47189
47051
34033
53189
34469
41947
59357
37253
38713
46993
47809
61559
47309
58369
45233
43159
55949
44267
44101
46993
61291
52861
57847
34549
53623
60077
41617
39863
51361
45823
44371
60509
41729
63533
38177
36373
34807
53171
52301
62351
55667
35923
61673
63709
45427
63389
52529
60901
61169
55333
35129
58231
37517
57793
43291
64033
34457
57601
63793
36251
58757
54539
34913
60443
42643
60733
60961
50159
49297
39827
39443
53897
35291
59263
52579
57287
36809
59359
52973
45887
33629
36469
37717
40283
46591
59707
50087
63079
65071
56437
52009
63761
54419
62039
42487
52543
45181
50263
46877
44971
43781
39119
49597
51673
54323
39841
44293
55343
49789
63149
61933
48481
33547
40903
58031
49663
64927
49169
52973
60961
44917
62617
61627
48397
55763
34651
44059
33377
59239
43963
45631
36137
46757
62071
61613
62873
53197
39929
48991
46703
45329
51551
50417
45823
37409
37633
49193
37853
59399
64381
33403
36299
35963
58043
41681
60737
37657
65407
49157
65257
47057
45181
49921
55829
40277
55381
48619
58733
37361
47237
37813
57917
33349
46061
52361
42667
44159
33331
38921
64879
49339
39301
45613
61211
46601
36779
41017
52981
63743
48313
57923
45853
61007
43781
59509
56171
40387
34781
56599
42463
47407
50839
43487
50551
50497
57853
51631
45613
52511
35053
45293
57601
60737
50263
48023
46679
53549
56149
48491
59141
56993
35149
40751
36709
39227
50777
62753
41893
49339
59123
53117
56003
63647
40883
43291
42373
44123
47381
49937
61223
35863
54409
46411
38977
33587
63337
58741
42737
40771
51613
65029
40009
51217
39869
38767
41479
58573
53831
60271
42743
58367
63473
34591
64879
49807
36067
52807
49223
42967
58687
33391
47521
34877
53377
45533
53813
35089
60649
40427
56527
55291
49613
46441
52879
46219
64151
53653
41543
35869
46691
55931
58061
64871
58757
44171
58427
59617
35999
50591
58129
37799
37493
35977
56989
36467
49411
65521
34693
50833
59473
57923
44543
45821
54181
64081
53201
57859
43867
60029
49597
42227
59233
42157
41719
34693
51599
47563
32941
51829
55921
56659
47981
45673
51991
47149
59809
54581
38803
34403
36901
47309
39581
35353
45853
65101
46441
34337
59833
63691
45127
58031
55639
62467
61031
55681
65119
55457
65327
40237
49747
63059
56099
49409
36083
39133
61381
56123
49171
46307
47507
63743
52433
63389
38851
43597
55631
32957
40739
62081
55259
33851
51631
36451
53419
32939
42487
33179
41443
63667
48953
39209
37571
49957
47791
43789
59069
37397
62761
50417
39607
64271
63719
59119
65381
58229
58693
48823
59791
42487
33013
61933
57587
63419
61559
45589
55163
61507
46477
54767
40543
48847
40031
51787
41413
55787
35491
48463
41759
35141
49807
36761
57839
53437
40543
37663
61381
63197
65029
42677
46649
64601
39419
61253
51647
64157
38461
64919
35969
58363
52183
36037
33613
47659
49207
65029
34583
40883
55579
43237
37087
63589
35801
34213
37123
32999
50581
55163
47419
50023
58661
34351
40993
56377
53267
57571
46471
52813
38791
63913
60919
61781
43517
58153
38603
64613
32941
52567
45341
43991
44887
64109
63929
38873
65519
64237
54323
39631
57923
52153
62581
44021
46861
59981
57839
54443
43969
64579
34841
35933
41413
64747
61417
53719
53633
60679
50441
58231
42491
44087
59627
42257
63689
52817
37847
57847
32789
52807
63803
61547
44543
40693
44537
43051
60289
56923
44711
61291
34613
34679
36107
56989
61949
37199
45979
44029
59513
51307
38189
36691
41413
41887
57719
45119
63689
38669
36191
42793
58477
42187
50893
53597
51151
65089
42491
62141
38921
45707
47017
57641
46523
34057
38377
39199
54139
51203
40063
35839
37489
42967
60737
58537
60041
59561
56929
58963
53813
47057
51031
50387
35059
38917
64927
56503
49939
63781
40693
62627
32771
59699
52183
58169
42611
44711
37897
52667
58481
53437
34603
49669
46103
57781
60763
53233
59611
47969
32887
47417
33577
42767
38729
49811
43517
46439
59023
48761
36749
53617
54787
34157
54139
33469
46091
43331
44059
52453
34747
57697
57139
51347
50087
60661
42187
50873
37013
41543
61651
38569
60383
33629
50311
55799
59729
59627
33289
39671
54721
36217
45439
62327
48571
59863
35141
59357
38149
56249
49253
61751
45827
46261
37181
62507
48371
55817
42323
37217
53813
47681
56197
46061
47501
51719
63709
40639
49037
54347
40289
53593
57719
52103
51217
63691
49739
58367
38833
42349
64609
45389
41263
44657
61339
53231
36697
37199
44159
42737
55633
43283
40829
36821
64189
41863
32833
37501
60611
45341
63773
64567
50261
65407
42901
63361
44029
44537
50503
48029
37567
58403
60763
44389
33247
33409
34649
63863
49757
60169
35869
53077
36781
45263
36929
38993
62819
40531
44129
38189
46301
45631
41491
39703
40751
57917
63997
55967
41017
42023
51769
52721
46889
34273
39937
52837
34679
63313
36007
49613
42709
56509
51869
41887
48163
39323
51817
60887
50053
48371
35221
48497
47869
52541
37987
39503
56663
65213
48539
41893
44657
37811
34469
41957
61357
50177
64579
38609
63799
51631
43003
59243
53597
61613
63029
61211
57173
62819
49477
58027
34211
34651
37061
62653
41387
46471
63443
34147
55843
39703
35083
54617
39103
59221
58043
39863
45541
35797
38261
44633
63487
57139
32779
56383
63377
44879
43517
37409
46687
41953
58967
56417
55813
60761
55373
48409
50549
43789
36913
56929
50773
38699
53951
50047
58901
36493
65147
52901
39373
37483
58417
32771
51803
38729
50129
61001
35059
34897
57697
65033
37313
63199
36151
55399
58481
64013
33317
48023
52709
36263
63607
43189
42391
54541
34519
47639
61007
50321
42283
62549
43793
53189
55663
53959
34651
43793
34057
52433
50221
51913
46567
48799
35671
62297
37517
57601
48029
58067
56671
58321
44893
56687
61627
39367
44741
48817
64319
58369
62683
40099
37663
48259
47317
54773
48193
58391
48611
59971
48799
51043
40961
65393
52223
49999
56813
59141
34327
65437
36161
42083
34361
56039
34673
45179
53189
59621
45121
61283
51719
38153
43963
45631
33107
48247
45121
55663
47857
42181
60761
50047
44041
37511
42391
51581
37847
55949
59887
51257
60317
50549
59779
37201
44389
43933
59981
47339
42709
38791
53891
54419
61819
64303
32917
43997
41411
33941
41851
53281
45673
43451
37589
59663
35863
56671
36527
57487
51059
39089
53891
39161
59447
62683
44647
55933
55711
58363
40169
35671
39383
49787
50069
59797
51613
46279
36899
60509
52889
64879
60251
34171
53147
56813
47309
48889
57559
44281
35267
38281
60041
34883
40697
32957
49279
47507
34369
57041
46021
38083
36251
50539
40483
34157
48259
61211
36979
61511
42793
32869
64811
55109
51479
38053
47917
57487
48779
36779
60331
37783
40973
60661
56569
58403
63473
57527
49109
52609
36691
47389
58477
54493
52387
41149
65123
56597
50261
53101
38603
52783
36929
39521
58109
38821
37441
38461
50723
43891
51437
46073
60493
47363
55633
38917
36473
54493
60343
36721
37693
33629
65449
55889
54059
60337
52051
56599
42839
35267
61687
32983
37663
44927
38803
47431
36583
48571
59119
52727
44179
41281
52237
62591
53101
61153
65357
54941
63907
54311
48907
40903
49603
56773
46663
33601
35327
53849
33487
55621
44221
45989
45259
33857
44531
42307
47843
50741
65119
52391
35323
62233
59419
33863
62861
38281
33587
42463
41149
55897
40277
45121
56891
63463
38873
39821
50929
33923
34421
47609
56897
35569
43321
35149
49787
50023
56909
57689
63493
60373
50627
33461
44293
45821
59887
55009
41669
56857
41603
35447
44101
51827
56087
53819
64609
56417
50207
61169
55109
50651
33601
42689
33757
50221
33391
38197
47293
55711
59971
52631
41507
61031
57467
50821
36563
46727
58679
35977
44129
34763
46021
45523
44839
49433
34499
37483
53017
33613
42331
47269
43613
59797
33343
39023
53161
50587
34841
46271
33739
55339
44159
32789
42989
39857
46933
40123
57527
49429
34843
61613
46187
34297
